2.6 12.7021 4.14583
2.601 12.6792 4.14329
2.602 12.6842 4.14356
2.603 12.6814 4.14346
2.604 12.6769 4.14292
2.605 12.6722 4.14246
2.606 12.6589 4.141
2.607 12.649 4.13993
2.608 12.6106 4.1358
2.609 12.5806 4.13234
2.61 12.5644 4.13054
2.611 12.5498 4.12898
2.612 12.53 4.12682
2.613 12.5086 4.12439
2.614 12.4921 4.12259
2.615 12.4672 4.11981
2.616 12.4511 4.11799
2.617 12.4331 4.116
2.618 12.3978 4.11221
2.619 12.3642 4.10856
2.62 12.3297 4.10471
2.621 12.3124 4.10272
2.622 12.3033 4.1016
2.623 12.2977 4.10088
2.624 12.2959 4.10062
2.625 12.2946 4.10041
2.626 12.2919 4.10009
2.627 12.287 4.09955
2.628 12.2807 4.09881
2.629 12.2722 4.09785
2.63 12.2544 4.09588
2.631 12.2442 4.09473
2.632 12.2358 4.09385
2.633 12.2252 4.09268
2.634 12.2137 4.09146
2.635 12.1932 4.08909
2.636 12.1846 4.08816
2.637 12.1775 4.08725
2.638 12.1735 4.0868
2.639 12.1689 4.08635
2.64 12.1558 4.0849
2.641 12.1445 4.08352
2.642 12.135 4.08245
2.643 12.1296 4.08193
2.644 12.1186 4.08067
2.645 12.1086 4.07951
2.646 12.1062 4.07924
2.647 12.101 4.07861
2.648 12.0946 4.07792
2.649 12.0802 4.07636
2.65 12.0463 4.07278
2.651 12.0244 4.07034
2.652 11.9999 4.06763
2.653 11.9836 4.06583
2.654 11.9721 4.06445
2.655 11.9666 4.06382
2.656 11.9597 4.06296
2.657 11.9557 4.06246
2.658 11.95 4.06184
2.659 11.9413 4.0609
2.66 11.9364 4.06027
2.661 11.9371 4.06036
2.662 11.9346 4.06002
2.663 11.9356 4.06014
2.664 11.9246 4.05898
2.665 11.9139 4.05777
2.666 11.9116 4.05746
2.667 11.9125 4.05751
2.668 11.9061 4.05686
2.669 11.8918 4.05539
2.67 11.8638 4.05235
2.671 11.8377 4.04952
2.672 11.8298 4.04853
2.673 11.8281 4.04826
2.674 11.8254 4.04795
2.675 11.8234 4.04768
2.676 11.8225 4.04754
2.677 11.822 4.04749
2.678 11.8217 4.04742
2.679 11.8212 4.04733
2.68 11.8204 4.04725
2.681 11.8189 4.04708
2.682 11.8164 4.04677
2.683 11.8137 4.04651
2.684 11.8118 4.04628
2.685 11.8111 4.0462
2.686 11.8087 4.04594
2.687 11.8037 4.04536
2.688 11.8015 4.04507
2.689 11.7995 4.04488
2.69 11.7972 4.04463
2.691 11.7953 4.04441
2.692 11.7902 4.04391
2.693 11.7695 4.04171
2.694 11.7608 4.04071
2.695 11.748 4.03935
2.696 11.734 4.03779
2.697 11.7236 4.03664
2.698 11.7201 4.03618
2.699 11.7176 4.03589
2.7 11.7129 4.03537
2.701 11.7088 4.03493
2.702 11.7062 4.03458
2.703 11.7022 4.03413
2.704 11.7081 4.03469
2.705 11.7124 4.03516
2.706 11.704 4.03431
2.707 11.7054 4.03439
2.708 11.6976 4.03356
2.709 11.6986 4.03365
2.71 11.6989 4.03369
2.711 11.6993 4.03373
2.712 11.6976 4.03356
2.713 11.6943 4.03319
2.714 11.6938 4.03313
2.715 11.6939 4.03314
2.716 11.6947 4.03319
2.717 11.6936 4.03308
2.718 11.694 4.03312
2.719 11.6933 4.03302
2.72 11.6933 4.03301
2.721 11.6925 4.03297
2.722 11.6899 4.0327
2.723 11.681 4.03185
2.724 11.665 4.02998
2.725 11.661 4.02946
2.726 11.6604 4.02939
2.727 11.6532 4.02859
2.728 11.651 4.02829
2.729 11.6439 4.02753
2.73 11.6315 4.02619
2.731 11.6322 4.02625
2.732 11.6235 4.02532
2.733 11.6112 4.024
2.734 11.6081 4.02362
2.735 11.6024 4.02294
2.736 11.5963 4.02223
2.737 11.5951 4.02211
2.738 11.5945 4.02199
2.739 11.5947 4.02199
2.74 11.595 4.02204
2.741 11.591 4.0216
2.742 11.5891 4.02137
2.743 11.586 4.02106
2.744 11.5809 4.02047
2.745 11.5817 4.02052
2.746 11.5811 4.02044
2.747 11.58 4.02034
2.748 11.5793 4.02026
2.749 11.5799 4.02028
2.75 11.5789 4.02022
2.751 11.5789 4.0202
2.752 11.5794 4.02026
2.753 11.5791 4.02022
2.754 11.5759 4.0199
2.755 11.5702 4.01926
2.756 11.5672 4.01893
2.757 11.5659 4.0188
2.758 11.5612 4.01827
2.759 11.56 4.0181
2.76 11.5601 4.01811
2.761 11.5591 4.01801
2.762 11.5557 4.01761
2.763 11.5537 4.0174
2.764 11.5514 4.01714
2.765 11.5507 4.01706
2.766 11.5502 4.017
2.767 11.5491 4.01686
2.768 11.5494 4.01691
2.769 11.5488 4.01683
2.77 11.5473 4.01669
2.771 11.5466 4.01659
2.772 11.5454 4.01646
2.773 11.5442 4.01633
2.774 11.5443 4.01634
2.775 11.5446 4.01637
2.776 11.5452 4.01644
2.777 11.5456 4.01647
2.778 11.5457 4.01648
2.779 11.5458 4.01651
2.78 11.5443 4.01636
2.781 11.5411 4.016
2.782 11.5409 4.01596
2.783 11.5408 4.01597
2.784 11.5405 4.01593
2.785 11.5406 4.01594
2.786 11.5415 4.01604
2.787 11.5402 4.0159
2.788 11.5412 4.016
2.789 11.5404 4.01594
2.79 11.5413 4.01602
2.791 11.5418 4.01606
2.792 11.5415 4.01605
2.793 11.542 4.01611
2.794 11.5409 4.01599
2.795 11.5381 4.01573
2.796 11.53 4.01485
2.797 11.5292 4.01474
2.798 11.5303 4.01485
2.799 11.5212 4.01389
2.8 11.5139 4.01303
2.801 11.516 4.01323
2.802 11.5186 4.01351
2.803 11.5195 4.01363
2.804 11.5197 4.01367
2.805 11.5187 4.01356
2.806 11.5179 4.01347
2.807 11.5175 4.01346
2.808 11.5169 4.01337
2.809 11.5144 4.01307
2.81 11.5144 4.01309
2.811 11.5134 4.01301
2.812 11.5116 4.01278
2.813 11.5103 4.01264
2.814 11.5096 4.01253
2.815 11.5091 4.0125
2.816 11.5077 4.01236
2.817 11.5014 4.01167
2.818 11.4819 4.00975
2.819 11.4542 4.0067
2.82 11.4473 4.00591
2.821 11.4437 4.00549
2.822 11.4426 4.0053
2.823 11.4387 4.00486
2.824 11.436 4.00455
2.825 11.4337 4.00432
2.826 11.4325 4.00415
2.827 11.4347 4.00438
2.828 11.4346 4.00435
2.829 11.4332 4.00423
2.83 11.4323 4.00409
2.831 11.4316 4.004
2.832 11.4321 4.00404
2.833 11.4321 4.00404
2.834 11.4319 4.00401
2.835 11.4321 4.00407
2.836 11.432 4.00404
2.837 11.4313 4.00395
2.838 11.4312 4.00395
2.839 11.4309 4.0039
2.84 11.4303 4.00384
2.841 11.4299 4.00378
2.842 11.4299 4.0038
2.843 11.4298 4.0038
2.844 11.4292 4.00375
2.845 11.4298 4.00381
2.846 11.4296 4.00378
2.847 11.4298 4.0038
2.848 11.4297 4.00379
2.849 11.4303 4.00387
2.85 11.4302 4.00387
2.851 11.4303 4.00387
2.852 11.4299 4.00382
2.853 11.4261 4.00346
2.854 11.4232 4.00313
2.855 11.4238 4.00316
2.856 11.4235 4.00316
2.857 11.4165 4.00245
2.858 11.4097 4.00173
2.859 11.4071 4.00142
2.86 11.4024 4.00092
2.861 11.3943 4.00006
2.862 11.3892 3.99952
2.863 11.3865 3.9992
2.864 11.3852 3.99907
2.865 11.382 3.99869
2.866 11.3789 3.99841
2.867 11.371 3.99755
2.868 11.3648 3.99692
2.869 11.3557 3.996
2.87 11.3489 3.99525
2.871 11.3475 3.99507
2.872 11.3444 3.99476
2.873 11.3426 3.99451
2.874 11.3469 3.99493
2.875 11.351 3.99538
2.876 11.3541 3.99571
2.877 11.3533 3.99565
2.878 11.3516 3.99547
2.879 11.35 3.99529
2.88 11.3489 3.99517
2.881 11.3438 3.99466
2.882 11.3362 3.99383
2.883 11.3325 3.99345
2.884 11.3224 3.9924
2.885 11.3165 3.99177
2.886 11.3076 3.99082
2.887 11.2988 3.9899
2.888 11.2943 3.98938
2.889 11.2919 3.98906
2.89 11.2907 3.98892
2.891 11.2889 3.98871
2.892 11.2881 3.98859
2.893 11.2872 3.9885
2.894 11.2841 3.98818
2.895 11.2808 3.98782
2.896 11.2789 3.9876
2.897 11.2767 3.98737
2.898 11.2715 3.9868
2.899 11.2659 3.98618
2.9 11.2622 3.98579
2.901 11.2591 3.98545
2.902 11.2578 3.98528
2.903 11.2566 3.98515
2.904 11.2535 3.98482
2.905 11.2506 3.98449
2.906 11.2464 3.98401
2.907 11.2414 3.98346
2.908 11.2335 3.9827
2.909 11.2199 3.98128
2.91 11.2121 3.98039
2.911 11.2094 3.98008
2.912 11.2074 3.97981
2.913 11.207 3.97974
2.914 11.2062 3.97966
2.915 11.1996 3.97894
2.916 11.1965 3.97856
2.917 11.1959 3.97847
2.918 11.1933 3.97816
2.919 11.1914 3.97797
2.92 11.1871 3.97749
2.921 11.1851 3.97725
2.922 11.1834 3.97707
2.923 11.181 3.9768
2.924 11.1782 3.97648
2.925 11.1764 3.97628
2.926 11.1746 3.97608
2.927 11.1735 3.97598
2.928 11.1671 3.97531
2.929 11.1601 3.97454
2.93 11.1578 3.97427
2.931 11.1558 3.97404
2.932 11.1544 3.9739
2.933 11.1527 3.97373
2.934 11.151 3.97355
2.935 11.1487 3.97331
2.936 11.1466 3.97307
2.937 11.1422 3.97264
2.938 11.1366 3.97203
2.939 11.1327 3.97158
2.94 11.1296 3.97123
2.941 11.1272 3.97097
2.942 11.1267 3.97093
2.943 11.1277 3.97104
2.944 11.1284 3.97115
2.945 11.1269 3.97103
2.946 11.126 3.97094
2.947 11.1248 3.9708
2.948 11.1248 3.97079
2.949 11.1242 3.97073
2.95 11.122 3.97049
2.951 11.1208 3.97035
2.952 11.1185 3.97012
2.953 11.1132 3.96954
2.954 11.1108 3.96934
2.955 11.1021 3.9684
2.956 11.0904 3.96713
2.957 11.083 3.96626
2.958 11.0798 3.9659
2.959 11.0771 3.96557
2.96 11.0738 3.96523
2.961 11.0642 3.96421
2.962 11.0577 3.96348
2.963 11.0566 3.96335
2.964 11.0521 3.96289
2.965 11.0461 3.96223
2.966 11.0413 3.96167
2.967 11.0366 3.96114
2.968 11.0327 3.96071
2.969 11.0308 3.96051
2.97 11.0267 3.96008
2.971 11.0201 3.95938
2.972 11.0168 3.95902
2.973 11.0137 3.95867
2.974 11.0107 3.95832
2.975 11.0084 3.95807
2.976 11.0062 3.95782
2.977 11.0038 3.95755
2.978 11.0001 3.95715
2.979 10.9972 3.95683
2.98 10.9944 3.95652
2.981 10.9931 3.95634
2.982 10.9921 3.95623
2.983 10.9907 3.95609
2.984 10.9891 3.95588
2.985 10.9879 3.95575
2.986 10.9872 3.95567
2.987 10.9857 3.95553
2.988 10.9844 3.95537
2.989 10.9837 3.9553
2.99 10.9832 3.95524
2.991 10.9821 3.95511
2.992 10.9796 3.95484
2.993 10.9781 3.95469
2.994 10.9769 3.95454
2.995 10.9748 3.9543
2.996 10.9735 3.95416
2.997 10.9726 3.95405
2.998 10.9724 3.95403
2.999 10.9716 3.95394
3 10.9701 3.9538

