1.65 13.2529 4.20327
1.651 13.2523 4.20322
1.652 13.2525 4.20324
1.653 13.2527 4.20327
1.654 13.2507 4.20306
1.655 13.2496 4.20291
1.656 13.2489 4.20282
1.657 13.2477 4.20271
1.658 13.2435 4.20225
1.659 13.2422 4.20211
1.66 13.2417 4.20204
1.661 13.2396 4.20183
1.662 13.228 4.20061
1.663 13.2253 4.20027
1.664 13.222 4.19991
1.665 13.2186 4.1995
1.666 13.2187 4.1995
1.667 13.2139 4.19902
1.668 13.2103 4.19857
1.669 13.2089 4.19841
1.67 13.2076 4.19826
1.671 13.2046 4.19797
1.672 13.2008 4.19754
1.673 13.1981 4.19723
1.674 13.1917 4.19653
1.675 13.1866 4.19594
1.676 13.1854 4.19579
1.677 13.1848 4.19572
1.678 13.1832 4.19554
1.679 13.1826 4.19544
1.68 13.1823 4.1954
1.681 13.1787 4.19504
1.682 13.1757 4.1947
1.683 13.1736 4.19447
1.684 13.1711 4.19423
1.685 13.1691 4.19398
1.686 13.1662 4.19368
1.687 13.1601 4.19302
1.688 13.1549 4.19243
1.689 13.1493 4.19184
1.69 13.1458 4.19144
1.691 13.1438 4.19119
1.692 13.1432 4.19111
1.693 13.1428 4.19106
1.694 13.1405 4.1909
1.695 13.138 4.19062
1.696 13.1381 4.1906
1.697 13.1359 4.19039
1.698 13.1313 4.18991
1.699 13.1271 4.18944
1.7 13.1236 4.18908
1.701 13.1199 4.18866
1.702 13.1167 4.18834
1.703 13.1133 4.18795
1.704 13.1128 4.18787
1.705 13.1129 4.18791
1.706 13.1121 4.18781
1.707 13.1115 4.18774
1.708 13.1093 4.1875
1.709 13.1081 4.18736
1.71 13.1081 4.18736
1.711 13.108 4.18735
1.712 13.1082 4.18738
1.713 13.1053 4.18709
1.714 13.1021 4.18674
1.715 13.0995 4.18647
1.716 13.0914 4.18559
1.717 13.0859 4.18493
1.718 13.0843 4.18478
1.719 13.0834 4.18465
1.72 13.0829 4.18458
1.721 13.0804 4.18434
1.722 13.0718 4.18345
1.723 13.0644 4.18265
1.724 13.0589 4.18201
1.725 13.0551 4.1816
1.726 13.0522 4.18127
1.727 13.046 4.18061
1.728 13.041 4.17998
1.729 13.0383 4.17967
1.73 13.036 4.17943
1.731 13.0329 4.17908
1.732 13.0317 4.17894
1.733 13.0323 4.17897
1.734 13.0326 4.17898
1.735 13.0314 4.17887
1.736 13.0315 4.17887
1.737 13.0332 4.17906
1.738 13.0336 4.17911
1.739 13.0338 4.17916
1.74 13.0338 4.17915
1.741 13.0333 4.1791
1.742 13.0311 4.17886
1.743 13.0299 4.17875
1.744 13.0296 4.17869
1.745 13.0296 4.1787
1.746 13.0286 4.17862
1.747 13.0269 4.17841
1.748 13.0248 4.17819
1.749 13.0241 4.1781
1.75 13.0228 4.17795
1.751 13.0223 4.1779
1.752 13.021 4.17774
1.753 13.0194 4.17758
1.754 13.0173 4.17736
1.755 13.0157 4.17715
1.756 13.015 4.17707
1.757 13.0131 4.17688
1.758 13.0092 4.17648
1.759 13.0062 4.17615
1.76 13.0037 4.17588
1.761 13.0019 4.17566
1.762 13.001 4.17553
1.763 13.0005 4.17548
1.764 12.999 4.17531
1.765 12.9973 4.17513
1.766 12.9951 4.1749
1.767 12.9936 4.17472
1.768 12.9905 4.17439
1.769 12.9894 4.17424
1.77 12.9875 4.17404
1.771 12.9855 4.1738
1.772 12.9847 4.17372
1.773 12.9826 4.17349
1.774 12.9794 4.17316
1.775 12.9733 4.17249
1.776 12.9678 4.17187
1.777 12.962 4.17124
1.778 12.9432 4.16927
1.779 12.9321 4.16796
1.78 12.9284 4.16752
1.781 12.9186 4.16648
1.782 12.9037 4.16486
1.783 12.8969 4.16402
1.784 12.8952 4.16379
1.785 12.8928 4.16352
1.786 12.8894 4.16315
1.787 12.8802 4.16218
1.788 12.8664 4.16067
1.789 12.8585 4.15971
1.79 12.8536 4.15916
1.791 12.8452 4.15823
1.792 12.8313 4.15675
1.793 12.823 4.15574
1.794 12.8203 4.15541
1.795 12.8181 4.15515
1.796 12.817 4.15501
1.797 12.8144 4.15471
1.798 12.813 4.15451
1.799 12.8131 4.15453
1.8 12.8128 4.1545
1.801 12.812 4.1544
1.802 12.8097 4.15416
1.803 12.8071 4.15384
1.804 12.8076 4.15389
1.805 12.8074 4.15387
1.806 12.8017 4.15328
1.807 12.7972 4.15274
1.808 12.795 4.15251
1.809 12.7872 4.15168
1.81 12.7866 4.15158
1.811 12.777 4.15061
1.812 12.7649 4.14925
1.813 12.7544 4.14813
1.814 12.7405 4.14657
1.815 12.731 4.14551
1.816 12.7223 4.1445
1.817 12.7181 4.144
1.818 12.7167 4.14379
1.819 12.7163 4.14372
1.82 12.7152 4.1436
1.821 12.7143 4.14349
1.822 12.7109 4.14315
1.823 12.7051 4.14252
1.824 12.7013 4.14206
1.825 12.6973 4.14166
1.826 12.6766 4.13951
1.827 12.662 4.13783
1.828 12.6559 4.13711
1.829 12.6507 4.13652
1.83 12.6464 4.13602
1.831 12.6426 4.13558
1.832 12.6399 4.13526
1.833 12.6354 4.13479
1.834 12.6235 4.13357
1.835 12.5949 4.13058
1.836 12.5828 4.12907
1.837 12.5815 4.12886
1.838 12.581 4.12876
1.839 12.581 4.12872
1.84 12.5802 4.12863
1.841 12.5774 4.12831
1.842 12.5758 4.12813
1.843 12.5752 4.12803
1.844 12.5733 4.12784
1.845 12.5706 4.12755
1.846 12.5693 4.12739
1.847 12.5679 4.12721
1.848 12.567 4.12709
1.849 12.5651 4.12688
1.85 12.5625 4.12659
1.851 12.56 4.12631
1.852 12.559 4.12622
1.853 12.5584 4.12615
1.854 12.5572 4.12598
1.855 12.5559 4.12588
1.856 12.5507 4.12529
1.857 12.5476 4.12495
1.858 12.5456 4.12472
1.859 12.5437 4.12451
1.86 12.5377 4.12389
1.861 12.5338 4.12344
1.862 12.5326 4.1233
1.863 12.53 4.12299
1.864 12.5283 4.1228
1.865 12.5248 4.12242
1.866 12.5218 4.12208
1.867 12.5211 4.12198
1.868 12.5208 4.12196
1.869 12.5206 4.12191
1.87 12.5204 4.1219
1.871 12.5146 4.12131
1.872 12.5102 4.12079
1.873 12.5039 4.12013
1.874 12.4943 4.11912
1.875 12.4828 4.11785
1.876 12.4801 4.11747
1.877 12.4769 4.11713
1.878 12.4714 4.11653
1.879 12.4683 4.11619
1.88 12.4602 4.11531
1.881 12.4592 4.11514
1.882 12.4616 4.11535
1.883 12.4596 4.11517
1.884 12.4574 4.11492
1.885 12.4568 4.11484
1.886 12.4565 4.11479
1.887 12.4561 4.11475
1.888 12.4549 4.11463
1.889 12.454 4.11452
1.89 12.4523 4.11434
1.891 12.4513 4.11419
1.892 12.4529 4.11437
1.893 12.4518 4.11428
1.894 12.4508 4.11415
1.895 12.4476 4.11382
1.896 12.4448 4.11349
1.897 12.4431 4.11332
1.898 12.4385 4.11282
1.899 12.4375 4.11271
1.9 12.4364 4.11255
1.901 12.4358 4.11251
1.902 12.4337 4.11229
1.903 12.4308 4.11196
1.904 12.4348 4.11234
1.905 12.4311 4.11199
1.906 12.4289 4.11172
1.907 12.4286 4.11169
1.908 12.4282 4.11164
1.909 12.4273 4.11154
1.91 12.4252 4.11135
1.911 12.4207 4.11088
1.912 12.4182 4.11058
1.913 12.4146 4.11022
1.914 12.4122 4.10994
1.915 12.4128 4.10993
1.916 12.4138 4.11007
1.917 12.4097 4.10961
1.918 12.4079 4.10944
1.919 12.4022 4.10884
1.92 12.4014 4.10872
1.921 12.3964 4.10816
1.922 12.3965 4.10813
1.923 12.4024 4.10872
1.924 12.4016 4.10878
1.925 12.393 4.10779
1.926 12.3966 4.10813
1.927 12.3942 4.10792
1.928 12.3966 4.10811
1.929 12.3949 4.10797
1.93 12.3971 4.10818
1.931 12.3992 4.10843
1.932 12.3984 4.10837
1.933 12.3975 4.10826
1.934 12.3968 4.1082
1.935 12.3934 4.10783
1.936 12.3937 4.10781
1.937 12.3958 4.10805
1.938 12.3961 4.10811
1.939 12.3974 4.10822
1.94 12.3941 4.10795
1.941 12.3896 4.10744
1.942 12.3892 4.10737
1.943 12.3886 4.10728
1.944 12.3879 4.10725
1.945 12.3862 4.10704
1.946 12.3849 4.10692
1.947 12.3836 4.10676
1.948 12.3832 4.10673
1.949 12.3821 4.10662
1.95 12.3805 4.10644
1.951 12.3797 4.10636
1.952 12.3749 4.10586
1.953 12.3749 4.10579
1.954 12.3757 4.10591
1.955 12.3759 4.10593
1.956 12.3768 4.10601
1.957 12.3756 4.10593
1.958 12.3724 4.10557
1.959 12.37 4.1053
1.96 12.3699 4.10525
1.961 12.3716 4.10544
1.962 12.3712 4.10542
1.963 12.3702 4.1053
1.964 12.3709 4.10536
1.965 12.3709 4.10537
1.966 12.3706 4.10534
1.967 12.3707 4.10537
1.968 12.3721 4.10549
1.969 12.3737 4.10568

