calid a b c d f0
21apr93 3.68095713e-3 6.00939419e-4 1.53765322e-5 2.20010960e-6 6472.67
04feb95 3.68172597e-3 6.01017918e-4 1.53497630e-5 2.13071614e-6 6464.755
04apr95 3.68167460e-3 6.00978715e-4 1.53158308e-5 2.13348158e-6 6465.345
04aug96 3.68024590e-3 6.00878657e-4 1.52199111e-5 2.07115638e-6 6480.991
11feb97 3.68157904e-3 6.00937412e-4 1.52431483e-5 2.08706029e-6 6466.410
12jul97 3.68157421e-3 6.00939870e-4 1.52833252e-5 2.12403710e-6 6466.907
27jun98 3.68154691e-3 6.00909202e-4 1.50916978e-5 1.93483996e-6 6467.316
25sep99 3.68145225e-3 6.00931139e-4 1.52262016e-5 2.06699269e-6 6468.141
29aug00 3.68127847e-3 6.00899836e-4 1.51993959e-5 2.04444688e-6 6469.758
11aug01 3.67981796e-3 6.00857456e-4 1.52305105e-5 2.08865572e-6 6485.533
08jan02 3.67961601e-3 6.00872359e-4 1.53041033e-5 2.14247876e-6 6487.663
11jan03 3.68121156e-3 6.00941492e-4 1.52889384e-5 2.13686181e-6 6470.332
14jul03 3.68120836e-3 6.00949995e-4 1.52933651e-5 2.12300786e-6 6470.476
13jan04 3.68121401e-3 6.00935601e-4 1.52509436e-5 2.08290884e-6 6470.198
30apr04 3.68121381e-3 6.00944576e-4 1.52806505e-5 2.10973177e-6 6470.140
04may06 3.68121363e-3 6.00945635e-4 1.52573962e-5 2.06769953e-6 6470.126
20apr07 3.68121272e-3 6.00955594e-4 1.53161853e-5 2.14832751e-6 6469.985
24feb09 3.68121329e-3 6.00947914e-4 1.53089599e-5 2.15318534e-6 6469.942
17jun14 4.81051014e-3 6.55181721e-4 2.12057241e-5 1.33264661e-6 1000.0

