calid a b c d f0
21apr93 3.68095706e-3 6.01063512e-4 1.51970270e-5 2.21082462e-6 6171.14
02apr94 3.68104711e-3 6.01090425e-4 1.53053484e-5 2.29900585e-6 6170.48
10feb95 3.68172023e-3 6.01099982e-4 1.51023957e-5 2.13928648e-6 6163.605
01aug96 3.68161836e-3 6.01072696e-4 1.51008413e-5 2.15109946e-6 6164.659
08feb97 3.68159605e-3 6.01084926e-4 1.50830871e-5 2.12894430e-6 6164.649
test1 3.68160721e-3 6.01078811e-4 1.50919641e-5 2.14002188e-6 6164.654
12jul97 3.68157428e-3 6.01092457e-4 1.51343680e-5 2.17336033e-6 6165.274
27jun98 3.68154580e-3 6.01082303e-4 1.50495668e-5 2.08314495e-6 6165.558
25sep99 3.68145227e-3 6.01084522e-4 1.50869456e-5 2.11797325e-6 6166.224
29aug00 3.68127829e-3 6.01051584e-4 1.50243987e-5 2.06961717e-6 6167.848
11aug01 3.67981783e-3 6.01011529e-4 1.50518385e-5 2.09208392e-6 6182.898
08jan02 3.67961584e-3 6.01025965e-4 1.51044410e-5 2.12541792e-6 6184.897
11jan03 3.68121137e-3 6.01082832e-4 1.50420711e-5 2.06212516e-6 6168.375
14jul03 3.68120858e-3 6.01112656e-4 1.51309259e-5 2.13727236e-6 6168.448
13jan04 3.68121435e-3 6.01106485e-4 1.51182486e-5 2.12566263e-6 6168.227
30apr04 3.68121407e-3 6.01110027e-4 1.51464163e-5 2.15167835e-6 6168.141
04may06 3.68121381e-3 6.01104354e-4 1.50983705e-5 2.10563476e-6 6168.240
