calid a b c d f0
01aug96 3.68162036e-3 6.02047205e-4 1.65529106e-5 3.00619690e-6 5586.310
03apr97 3.68157245e-3 6.02036351e-4 1.65520420e-5 3.01996989e-6 5587.057
27jun98 3.68154753e-3 6.02054427e-4 1.65242027e-5 2.96858051e-6 5587.642
25sep99 3.68145392e-3 6.02044391e-4 1.65211998e-5 2.96513770e-6 5588.716
29aug00 3.68128025e-3 6.01996605e-4 1.64733901e-5 2.93973197e-6 5590.295
13jan04 3.68121540e-3 6.01997973e-4 1.64371718e-5 2.94508006e-6 5591.929
04may06 3.68121560e-3 6.02020843e-4 1.65227259e-5 2.97683554e-6 5591.727
20apr07 3.68121442e-3 6.02018800e-4 1.65442611e-5 3.02629353e-6 5591.767
17mar09 3.68121489e-3 6.02042280e-4 1.65663564e-5 3.04948432e-6 5592.381
13sep11 3.68121248e-3 6.02042117e-4 1.65938402e-5 3.05668377e-6 5592.418
11apr14 4.78157879e-3 6.85535748e-4 3.21111816e-5 3.02377248e-6 1000.000
