firstdrop lastdrop angle sensorid filter fc scanpos
2131 11387 6.5 12 [] 0.5 row5col1
11388 12102 6.5 14 [] 0.5 row5col1
13600 13899 6.5 14 [] 0.5 row5col1
13900 13960 6.5 14 [] 0.5 row5col1
13961 14067 6.5 [] [] 0.5 row5col1
14068 14309 6.5 14 [] 0.5 row5col1
14310 14909 6.5 21 [] 0.5 row5col1
14910 18259 6.5 22 [] 0.5 row5col1
18260 18509 6.5 [] [] 0.5 row5col1
18510 18678 6.5 23 [] 0.5 row5col1
18679 18689 6.5 26 [] 0.5 row5col1
18690 18691 6.5 23 [] 0.5 row5col1
18692 99999 6.5 24 [] 0.5 row5col1
