21apr93 8.87756510e-6 5.05211209e-1 -4.13411061 -1.36733057e-4 4.4
01feb95 4.09198423e-6 5.05380684e-1 -4.13602240 7.51429183e-5 4.7
06apr95 7.05720732e-6 5.05155040e-1 -4.13469931 1.29165745e-4 4.5
03aug96 4.98630563e-7 5.06023445e-1 -4.14040790 -1.44084801e-4 5.5
11feb97 6.71626969e-6 5.05469309e-1 -4.13663000 -9.16162852e-5 4.5
17jun97 1.53132215e-5 5.05138067e-1 -4.13410871 -7.99957209e-5 4.2
30jun98 9.01514386e-6 5.05363196e-1 -4.13578934 -8.64508822e-5 4.4
28sep99 9.07743349e-6 5.05311914e-1 -4.13518520 -8.27282255e-5 4.4
31aug00 3.85409647e-6 5.05732436e-1 -4.13834549 -8.80321524e-5 4.7
10aug01 9.23784125e-6 5.05370985e-1 -4.13587899 -8.72553501e-5 4.4
10jan02 3.18102160e-6 5.05751079e-1 -4.13846372 -8.76033106e-5 4.8
10jan03 1.22428592e-5 5.05250181e-1 -4.13511168 -8.82041613e-5 4.3
08jul03 6.78383247e-6 5.05543116e-1 -4.13684084 -8.12696686e-5 4.5
15Jan04 6.90729929e-6 5.05501727e-1 -4.13665599 -8.94902832e-5 4.5
29apr04 6.93918438e-6 5.05529271e-1 -4.13683346 -8.21575820e-5 4.5
02may06 9.05952600e-6 5.05385128e-1 -4.13619534 -9.11393739e-5 4.4
24apr07 8.99935944e-6 5.05374602e-1 -4.13587013 -8.20235190e-5 4.4
04mar09 6.81151842e-6 5.05187431e-1 -4.13461006 -8.87633543e-5 4.5
18jun14 -4.13573850 5.05717997e-1 -2.03668723e-4 3.73431854e-5 NaN