30apr93 1.58604157e-5 5.41758181e-1 -4.14213138 -1.19987778e-4 4.2
07apr94 1.18828817e-3 5.38355432e-1 -4.13529688 -9.89470585e-4 2.8
08feb95 4.04947299e-3 5.33238190e-1 -4.12748003 -8.32146587e-4 2.5
03aug96 3.69859815e-4 5.41810708e-1 -4.15049142 -8.86943711e-5 3.1
07feb97 2.34987526e-5 5.43204543e-1 -4.15379239 -8.32260747e-5 4.0
19feb97 4.67957247e-5 5.41320073e-1 -4.14059259 -8.16700775e-5 3.8
test1 3.9253921e-4 .5437115 -4.41370954 -8.2191363e-5 3.24
test2 1.9859910e-4 .55465564 -4.620079386 -1.4378948e-4 1.81
test3 3.71088768e-4 .54181732 -4.15070421 -8.8694588e-5 3.24
test4 2.3153205e-5 .5049 -2.3233 -8.5961102e-5 5.0219
17jun97 8.36661425e-5 5.40949094e-1 -4.13910163 -8.37232919e-5 3.6
30jun98 6.29339810e-5 5.41186319e-1 -4.14005794 -8.06779719e-5 3.7
28sep99 4.77853938e-5 5.41336739e-1 -4.14055815 -8.21811188e-5 3.8
31aug00 1.99484138e-5 5.41924893e-1 -4.14385271 -7.91250068e-5 4.1
11dec00 1.13159196e-4 5.40831496e-1 -4.13833246 -9.21956575e-5 3.5
10jan02 1.53963860e-5 5.41977644e-1 -4.14421918 -8.35485123e-5 4.2
15jan04 3.72321927e-5 5.41506533e-1 -4.14128873 -8.71641124e-5 3.9
02may06 6.51516671e-5 5.41241653e-1 -4.14026904 -7.98302283e-5 3.7
24apr07 4.89085347e-5 5.41403201e-1 -4.14120852 -8.93529549e-5 3.8
03mar09 4.87103145e-5 5.41521676e-1 -4.14200811 -8.32994807e-5 3.8
13sep11 3.74544139e-5 5.41594982e-1 -4.14220896 -8.57243252e-5 3.9
11apr14 -4.14146225   5.41267179e-1 9.53530063e-5 2.36021428e-5 NaN
