03aug96 2.10229413e-6 5.06582274e-1 -4.13439710 -8.42540738e-5 4.9
04apr97 2.13267353e-6 5.06622003e-1 -4.13474450 -8.90342053e-5 4.9
30jun98 2.18716804e-6 5.06679757e-1 -4.13529452 -8.77341313e-5 4.9
28sep99 1.84130032e-6 5.06770077e-1 -4.13570542 -9.62803321e-5 5.0
31aug00 9.68699407e-7 5.06990970e-1 -4.13691283 -7.52819302e-5 5.2
10aug01 2.23930110e-6 5.06802387e-1 -4.13595024 -9.01640809e-5 4.9
10jan02 5.99323577e-7 5.07092165e-1 -4.13780422 -8.75459814e-5 5.4
10jan03 2.92410126e-6 5.06789463e-1 -4.13567779 -8.93380313e-5 4.8 
08jul03 1.69943227e-6 5.07004199e-1 -4.13666074 -8.15971333e-5 5.0
24jul03 2.72197826e-6 4.96792591e-1 -4.05430867 -8.87067473e-5 4.8 
16jan04 2.10390322e-6 4.96853293e-1 -4.05475079 -8.55531839e-5 4.9
29apr04 1.24955578e-6 4.96966457e-1 -4.05592729 -9.06219655e-5 5.1
02may06 2.11560664e-6 4.96866261e-1 -4.05503375 -8.99276217e-5 4.9
