1.35 15.5449 4.46891
1.351 15.5436 4.46869
1.352 15.5384 4.46815
1.353 15.5284 4.46698
1.354 15.5256 4.46664
1.355 15.5225 4.46628
1.356 15.5126 4.46514
1.357 15.5071 4.46447
1.358 15.5077 4.46453
1.359 15.5066 4.46439
1.36 15.5038 4.46406
1.361 15.503 4.46396
1.362 15.4982 4.46341
1.363 15.4962 4.46318
1.364 15.4942 4.46295
1.365 15.4893 4.4624
1.366 15.4879 4.46219
1.367 15.4863 4.46198
1.368 15.4841 4.46177
1.369 15.4834 4.46165
1.37 15.4842 4.46173
1.371 15.4834 4.46166
1.372 15.4825 4.46153
1.373 15.4835 4.4616
1.374 15.4844 4.46172
1.375 15.4843 4.46173
1.376 15.484 4.46169
1.377 15.4807 4.46135
1.378 15.4775 4.46096
1.379 15.4758 4.46077
1.38 15.4733 4.46047
1.381 15.4723 4.46035
1.382 15.4686 4.45994
1.383 15.4671 4.45977
1.384 15.4674 4.45978
1.385 15.4681 4.45986
1.386 15.4682 4.45986
1.387 15.4666 4.45971
1.388 15.4651 4.45954
1.389 15.465 4.4595
1.39 15.4655 4.45954
1.391 15.4654 4.45954
1.392 15.4652 4.45952
1.393 15.4623 4.45922
1.394 15.4627 4.45923
1.395 15.4628 4.45928
1.396 15.4623 4.45921
1.397 15.4598 4.45893
1.398 15.4596 4.45891
1.399 15.4599 4.45893
1.4 15.46 4.45895
1.401 15.4597 4.45893
1.402 15.4591 4.45884
1.403 15.4591 4.45884
1.404 15.4595 4.45889
1.405 15.4597 4.4589
1.406 15.4599 4.4589
1.407 15.4597 4.45892
1.408 15.4593 4.45889
1.409 15.4587 4.45882
1.41 15.4589 4.45883
1.411 15.4585 4.4588
1.412 15.4582 4.4588
1.413 15.4582 4.45879
1.414 15.4581 4.45877
1.415 15.4573 4.45873
1.416 15.4574 4.45872
1.417 15.4576 4.45874
1.418 15.4577 4.45873
1.419 15.4584 4.45881
1.42 15.4586 4.45886
1.421 15.4591 4.45891
1.422 15.4573 4.45875
1.423 15.4576 4.45876
1.424 15.4578 4.45877
1.425 15.4576 4.45878
1.426 15.4574 4.45875
1.427 15.4566 4.45866
1.428 15.456 4.45859
1.429 15.456 4.4586
1.43 15.4467 4.45766
1.431 15.4318 4.45595
1.432 15.4243 4.45511
1.433 15.422 4.45478
1.434 15.4233 4.455
1.435 15.4093 4.45343
1.436 15.406 4.45303
1.437 15.3779 4.45002
1.438 15.3582 4.44773
1.439 15.3438 4.44607
1.44 15.3225 4.44371
1.441 15.3036 4.44147
1.442 15.2966 4.44059
1.443 15.2948 4.4403
1.444 15.2936 4.44015
1.445 15.291 4.43983
1.446 15.287 4.43937
1.447 15.2851 4.4391
1.448 15.2845 4.43901
1.449 15.2803 4.43856
1.45 15.275 4.43793
1.451 15.2711 4.43747
1.452 15.2686 4.43719
1.453 15.2635 4.43661
1.454 15.2608 4.4363
1.455 15.2531 4.43542
1.456 15.2481 4.43486
1.457 15.2466 4.43463
1.458 15.2465 4.43462
1.459 15.2459 4.43453
1.46 15.2419 4.4341
1.461 15.2355 4.43333
1.462 15.2318 4.43291
1.463 15.2284 4.43248
1.464 15.2235 4.43193
1.465 15.221 4.43162
1.466 15.2201 4.43151
1.467 15.2198 4.43148
1.468 15.2186 4.43129
1.469 15.2157 4.431
1.47 15.2073 4.43006
1.471 15.2058 4.42983
1.472 15.2016 4.42936
1.473 15.2009 4.42923
1.474 15.1995 4.42911
1.475 15.1959 4.42867
1.476 15.1949 4.42853
1.477 15.1937 4.42838
1.478 15.1911 4.42808
1.479 15.1892 4.42784
1.48 15.1858 4.42748
1.481 15.1797 4.42676
1.482 15.1755 4.42626
1.483 15.1731 4.42598
1.484 15.1691 4.4255
1.485 15.1659 4.42514
1.486 15.1598 4.42441
1.487 15.1571 4.42406
1.488 15.1564 4.424
1.489 15.1551 4.42383
1.49 15.1534 4.42364
1.491 15.1511 4.42336
1.492 15.1477 4.42298
1.493 15.1426 4.42238
1.494 15.1358 4.42159
1.495 15.1349 4.42147
1.496 15.1328 4.42122
1.497 15.1301 4.42089
1.498 15.1273 4.42054
1.499 15.1249 4.42027
1.5 15.1188 4.41957
1.501 15.1158 4.4192
1.502 15.115 4.41911
1.503 15.1124 4.41881
1.504 15.1073 4.41822
1.505 15.094 4.41677
1.506 15.0804 4.41518
1.507 15.0736 4.41431
1.508 15.0686 4.4137
1.509 15.0656 4.41335
1.51 15.0644 4.41319
1.511 15.0624 4.41294
1.512 15.054 4.41196
1.513 15.0456 4.41099
1.514 15.0401 4.41033
1.515 15.037 4.40991
1.516 15.0356 4.40973
1.517 15.0333 4.40947
1.518 15.0305 4.40914
1.519 15.026 4.40862
1.52 15.0216 4.40807
1.521 15.0194 4.40782
1.522 15.0151 4.40733
1.523 15.0112 4.40689
1.524 15.008 4.4065
1.525 15.006 4.40625
1.526 14.9996 4.40554
1.527 14.9895 4.40434
1.528 14.9837 4.40371
1.529 14.9747 4.40265
1.53 14.9656 4.40162
1.531 14.955 4.40035
1.532 14.9451 4.39921
1.533 14.9289 4.39743
1.534 14.9104 4.39538
1.535 14.8983 4.394
1.536 14.8921 4.39323
1.537 14.8871 4.39265
1.538 14.8807 4.39191
1.539 14.8753 4.39128
1.54 14.8681 4.39052
1.541 14.8504 4.38855
1.542 14.8372 4.38702
1.543 14.8323 4.38643
1.544 14.8267 4.38569
1.545 14.8257 4.38552
1.546 14.8249 4.38539
1.547 14.8228 4.38514
1.548 14.8192 4.38469
1.549 14.8178 4.3845
1.55 14.8171 4.3844
1.551 14.8158 4.38427
1.552 14.8153 4.38417
1.553 14.8155 4.38419
1.554 14.8148 4.38411
1.555 14.8144 4.38405
1.556 14.813 4.38389
1.557 14.8107 4.38363
1.558 14.8109 4.38367
1.559 14.8105 4.38361
1.56 14.8063 4.38314
1.561 14.8034 4.3828
1.562 14.8001 4.38241
1.563 14.7942 4.38175
1.564 14.7807 4.38034
1.565 14.7584 4.37787
1.566 14.7483 4.37665
1.567 14.7454 4.37628
1.568 14.7428 4.376
1.569 14.7409 4.37573
1.57 14.7397 4.37561
1.571 14.7371 4.37528
1.572 14.7349 4.37501
1.573 14.7323 4.3747
1.574 14.7293 4.37437
1.575 14.7259 4.37401
1.576 14.723 4.37367
1.577 14.7209 4.37342
1.578 14.7161 4.37289
1.579 14.7124 4.37249
1.58 14.7103 4.3722
1.581 14.7105 4.3722
1.582 14.7093 4.37206
1.583 14.7077 4.37187
1.584 14.7044 4.37149
1.585 14.7022 4.37124
1.586 14.6989 4.37087
1.587 14.6972 4.37067
1.588 14.6961 4.37051
1.589 14.6953 4.3704
1.59 14.6937 4.37024
1.591 14.691 4.36995
1.592 14.6889 4.36967
1.593 14.6866 4.36942
1.594 14.6828 4.36898
1.595 14.6802 4.36868
1.596 14.6784 4.36844
1.597 14.6761 4.36817
1.598 14.6747 4.36803
1.599 14.6726 4.36779
1.6 14.671 4.36761
1.601 14.6704 4.36755
1.602 14.6697 4.36747
1.603 14.6686 4.36738
1.604 14.6677 4.36729
1.605 14.6667 4.36716
1.606 14.6655 4.36701
1.607 14.6642 4.36687
1.608 14.6624 4.36673
1.609 14.6595 4.36648
1.61 14.6553 4.36608
1.611 14.6519 4.36572
1.612 14.6473 4.3652
1.613 14.6413 4.36455
1.614 14.6351 4.36385
1.615 14.6267 4.3629
1.616 14.6184 4.36195
1.617 14.6104 4.36097
1.618 14.6054 4.36037
1.619 14.6012 4.35987
1.62 14.5964 4.35932
1.621 14.588 4.35836
1.622 14.577 4.35712
1.623 14.5678 4.35601
1.624 14.5652 4.3557
1.625 14.5624 4.35535
1.626 14.5592 4.35494
1.627 14.5549 4.35446
1.628 14.5531 4.35422
1.629 14.5517 4.35403
1.63 14.5503 4.35389
1.631 14.5484 4.35364
1.632 14.5473 4.3535
1.633 14.5457 4.35333
1.634 14.5443 4.35316
1.635 14.5412 4.35281
1.636 14.5362 4.35223
1.637 14.5325 4.35183
1.638 14.5272 4.35121
1.639 14.5208 4.35049
1.64 14.5159 4.34995
1.641 14.5123 4.34948
1.642 14.5085 4.34901
1.643 14.5022 4.34829
1.644 14.4944 4.34737
1.645 14.4916 4.34709
1.646 14.4827 4.34612
1.647 14.462 4.34384
1.648 14.4273 4.33995
1.649 14.397 4.33644
1.65 14.3848 4.3349
1.651 14.3748 4.3336
1.652 14.369 4.33303
1.653 14.355 4.33147
1.654 14.3396 4.32968
1.655 14.3283 4.32835
1.656 14.3171 4.32702
1.657 14.3074 4.32589
1.658 14.3012 4.32516
1.659 14.2961 4.32451
1.66 14.2937 4.32417
1.661 14.2886 4.32349
1.662 14.2845 4.323
1.663 14.2811 4.32264
1.664 14.2771 4.32221
1.665 14.2727 4.3217
1.666 14.2692 4.32126
1.667 14.2671 4.32102
1.668 14.2648 4.32074
1.669 14.2626 4.32049
1.67 14.2598 4.32015
1.671 14.2553 4.3196
1.672 14.2516 4.31921
1.673 14.2475 4.31876
1.674 14.2452 4.31851
1.675 14.2408 4.318
1.676 14.2355 4.31736
1.677 14.2309 4.31681
1.678 14.2296 4.3167
1.679 14.2264 4.3163
1.68 14.2226 4.31583
1.681 14.2192 4.31545
1.682 14.2164 4.31512
1.683 14.2113 4.3145
1.684 14.2054 4.31378
1.685 14.2034 4.31358
1.686 14.1985 4.31304
1.687 14.1934 4.31244
1.688 14.1833 4.31133
1.689 14.1746 4.31038
1.69 14.1631 4.30911
1.691 14.1491 4.3075
1.692 14.1397 4.30644
1.693 14.1308 4.30537
1.694 14.1257 4.3048
1.695 14.1205 4.30416
1.696 14.115 4.3035
1.697 14.1105 4.30294
1.698 14.1058 4.30237
1.699 14.1022 4.30191
1.7 14.1014 4.3018
1.701 14.1004 4.30168
1.702 14.0973 4.30128
1.703 14.0943 4.30092
1.704 14.0916 4.30065
1.705 14.0877 4.30022
1.706 14.0826 4.29963
1.707 14.0728 4.29857
1.708 14.0603 4.2972
1.709 14.0529 4.29629
1.71 14.046 4.29546
1.711 14.0413 4.29487
1.712 14.0398 4.29466
1.713 14.0389 4.29454
1.714 14.0375 4.29438
1.715 14.0345 4.29403
1.716 14.033 4.29386
1.717 14.0314 4.29361
1.718 14.0313 4.29361
1.719 14.0284 4.29327
1.72 14.0274 4.29312
1.721 14.0278 4.29318
1.722 14.027 4.29307
1.723 14.0268 4.29303
1.724 14.0248 4.29278
1.725 14.0256 4.29285
1.726 14.0264 4.29293
1.727 14.0242 4.2927
1.728 14.0186 4.29207
1.729 14.0175 4.29191
1.73 14.0147 4.29156
1.731 14.0134 4.29139
1.732 14.0142 4.29148
1.733 14.0149 4.29156
1.734 14.0147 4.29153
1.735 14.0143 4.29148
1.736 14.0126 4.29129
1.737 14.0103 4.29103
1.738 14.0092 4.29089
1.739 14.0083 4.29078
1.74 14.0071 4.29066
1.741 14.0041 4.2903
1.742 13.9978 4.28958
1.743 13.9889 4.28852
1.744 13.9705 4.28658
1.745 13.9529 4.28465
1.746 13.9363 4.28274
1.747 13.9314 4.28214
1.748 13.9272 4.28167
1.749 13.9216 4.28095
1.75 13.9118 4.27986

