2.9 10.4861 3.89705
2.901 10.4729 3.89566
2.902 10.4695 3.89517
2.903 10.4713 3.89535
2.904 10.4714 3.89533
2.905 10.4697 3.89516
2.906 10.4692 3.89509
2.907 10.4656 3.89474
2.908 10.4585 3.89392
2.909 10.4544 3.89348
2.91 10.4517 3.89316
2.911 10.4465 3.89266
2.912 10.4421 3.89214
2.913 10.4421 3.89209
2.914 10.4387 3.89177
2.915 10.4365 3.89151
2.916 10.4348 3.89132
2.917 10.4327 3.89109
2.918 10.4317 3.89097
2.919 10.4314 3.89093
2.92 10.4326 3.89103
2.921 10.4344 3.89121
2.922 10.4199 3.88984
2.923 10.4003 3.88773
2.924 10.3954 3.88717
2.925 10.3911 3.88666
2.926 10.389 3.88644
2.927 10.385 3.88604
2.928 10.3785 3.88535
2.929 10.3771 3.88514
2.93 10.3802 3.88545
2.931 10.3798 3.88543
2.932 10.3769 3.88515
2.933 10.3709 3.88454
2.934 10.3698 3.88438
2.935 10.3728 3.88468
2.936 10.3735 3.88475
2.937 10.3712 3.88454
2.938 10.3679 3.88426
2.939 10.3308 3.88069
2.94 10.3159 3.87894
2.941 10.3118 3.87845
2.942 10.3116 3.8784
2.943 10.3118 3.87837
2.944 10.3118 3.87837
2.945 10.3118 3.87835
2.946 10.3116 3.87834
2.947 10.3113 3.87829
2.948 10.3108 3.87825
2.949 10.3098 3.87812
2.95 10.3096 3.87811
2.951 10.3097 3.8781
2.952 10.3092 3.87804
2.953 10.3085 3.87798
2.954 10.3072 3.87786
2.955 10.3073 3.87787
2.956 10.3051 3.87768
2.957 10.3042 3.87759
2.958 10.3044 3.87759
2.959 10.3044 3.87759
2.96 10.3046 3.8776
2.961 10.3048 3.8776
2.962 10.3041 3.87752
2.963 10.3039 3.87753
2.964 10.302 3.87736
2.965 10.2978 3.87691
2.966 10.2932 3.87645
2.967 10.2851 3.87563
2.968 10.2778 3.87484
2.969 10.2745 3.8745
2.97 10.271 3.87409
2.971 10.2667 3.8736
2.972 10.2615 3.87305
2.973 10.256 3.87246
2.974 10.2517 3.87201
2.975 10.2477 3.87158
2.976 10.2445 3.87127
2.977 10.2418 3.87097
2.978 10.2402 3.87081
2.979 10.2394 3.87074
2.98 10.2385 3.87064
2.981 10.2366 3.87044
2.982 10.2346 3.87024
2.983 10.2325 3.87002
2.984 10.2297 3.86975
2.985 10.2272 3.8695
2.986 10.226 3.86937
2.987 10.2256 3.86932
2.988 10.2248 3.86925
2.989 10.2229 3.86906
2.99 10.22 3.86878
2.991 10.2163 3.86841
2.992 10.2145 3.8682
2.993 10.2132 3.86806
2.994 10.2122 3.86795
2.995 10.2108 3.86783
2.996 10.2094 3.86766
2.997 10.2067 3.86741
2.998 10.2036 3.86712
2.999 10.2006 3.8668
3 10.1987 3.86658
3.001 10.1967 3.86642
3.002 10.1936 3.86608
3.003 10.1911 3.86582
3.004 10.1899 3.86569
3.005 10.1876 3.86545
3.006 10.1802 3.86476
3.007 10.1687 3.86359
3.008 10.1593 3.86265
3.009 10.1491 3.86157
3.01 10.1381 3.8605
3.011 10.1185 3.85854
3.012 10.1043 3.85705
3.013 10.0975 3.85628
3.014 10.0916 3.85568
3.015 10.0827 3.85483
3.016 10.0681 3.85344
3.017 10.0462 3.85125
3.018 10.0322 3.84974
3.019 10.0288 3.84929
3.02 10.0191 3.84834
3.021 10.0113 3.84749
3.022 10.0101 3.84732
3.023 10.004 3.84677
3.024 9.99291 3.84562
3.025 9.98915 3.84521
3.026 9.9817 3.84445
3.027 9.97415 3.84363
3.028 9.97105 3.84328
3.029 9.96992 3.84314
3.03 9.96958 3.84307
3.031 9.96534 3.84268
3.032 9.96166 3.84224
3.033 9.96039 3.84212
3.034 9.9583 3.84191
3.035 9.95433 3.84145
3.036 9.95458 3.84143
3.037 9.94607 3.84063
3.038 9.94151 3.84006
3.039 9.94197 3.84009
3.04 9.94245 3.84012
3.041 9.94409 3.84031
3.042 9.94038 3.83991
3.043 9.93734 3.83958
3.044 9.93648 3.83947
3.045 9.9366 3.83948
3.046 9.9354 3.83932
3.047 9.93578 3.83935
3.048 9.93643 3.83944
3.049 9.93417 3.83921
3.05 9.93332 3.83909
3.051 9.93253 3.83902
3.052 9.93353 3.83911
3.053 9.93183 3.83894
3.054 9.93066 3.83881
3.055 9.92952 3.83871
3.056 9.92691 3.8384
3.057 9.92656 3.83835
3.058 9.92456 3.83817
3.059 9.92193 3.83788
3.06 9.92121 3.83782
3.061 9.92087 3.83777
3.062 9.92013 3.83768
3.063 9.91849 3.83755
3.064 9.91781 3.83744
3.065 9.91837 3.83751
3.066 9.91569 3.83728
3.067 9.91161 3.83686
3.068 9.90834 3.83652
3.069 9.90554 3.83624
3.07 9.90219 3.83588
3.071 9.90194 3.83585
3.072 9.90202 3.83583
3.073 9.90222 3.83585
3.074 9.90231 3.83586
3.075 9.90253 3.83589
3.076 9.9023 3.83587
3.077 9.90225 3.83585
3.078 9.90214 3.83584
3.079 9.90212 3.83584
3.08 9.9013 3.83577
3.081 9.90134 3.83577
3.082 9.89997 3.83567
3.083 9.90098 3.83572
3.084 9.90224 3.83585
3.085 9.89759 3.83543
3.086 9.89179 3.83482
3.087 9.8877 3.83441
3.088 9.88305 3.83395
3.089 9.87325 3.833
3.09 9.85877 3.83155
3.091 9.84062 3.82979
3.092 9.81978 3.82766
3.093 9.81025 3.82656
3.094 9.808 3.82628
3.095 9.80264 3.82573
3.096 9.78655 3.82418
3.097 9.7726 3.82272
3.098 9.76499 3.82188
3.099 9.76155 3.82143
3.1 9.76014 3.82126
3.101 9.76001 3.82122
3.102 9.75932 3.82112
3.103 9.759 3.82108
3.104 9.75785 3.82095
3.105 9.7531 3.82046
3.106 9.74968 3.82006
3.107 9.74647 3.81976
3.108 9.74197 3.8193
3.109 9.73694 3.81876
3.11 9.7315 3.8182
3.111 9.72883 3.81795
3.112 9.72517 3.81756
3.113 9.72385 3.81741
3.114 9.721 3.81713
3.115 9.71352 3.81638
3.116 9.69808 3.81487
3.117 9.67656 3.81275
3.118 9.6477 3.80976
3.119 9.63817 3.80857
3.12 9.63836 3.80852
3.121 9.63781 3.80843
3.122 9.63653 3.80829
3.123 9.63633 3.80823
3.124 9.63617 3.80819
3.125 9.63599 3.80816
3.126 9.63554 3.80811
3.127 9.63515 3.80806
3.128 9.63497 3.80805
3.129 9.62867 3.80745
3.13 9.62179 3.80671
3.131 9.61868 3.80636
3.132 9.61619 3.80611
3.133 9.61204 3.80568
3.134 9.61071 3.80551
3.135 9.61073 3.80554
3.136 9.61109 3.80556
3.137 9.60872 3.80535
3.138 9.60692 3.80515
3.139 9.60563 3.80502
3.14 9.60492 3.80494
3.141 9.60337 3.80474
3.142 9.60319 3.80474
3.143 9.60199 3.80463
3.144 9.60081 3.80451
3.145 9.59844 3.8043
3.146 9.59597 3.80402
3.147 9.59475 3.80388
3.148 9.59263 3.80368
3.149 9.58966 3.80339
3.15 9.58687 3.80309
3.151 9.58372 3.80278
3.152 9.58212 3.80259
3.153 9.58115 3.8025
3.154 9.57755 3.80215
3.155 9.57457 3.80185
3.156 9.57 3.80144
3.157 9.55959 3.80037
3.158 9.55427 3.79981
3.159 9.54892 3.79924
3.16 9.5462 3.79891
3.161 9.5446 3.79865
3.162 9.5431 3.79852
3.163 9.53968 3.79824
3.164 9.53144 3.79748
3.165 9.52432 3.79671
3.166 9.52303 3.79654
3.167 9.5203 3.79628
3.168 9.51552 3.79584
3.169 9.50741 3.79505
3.17 9.50065 3.79432
3.171 9.49586 3.79379
3.172 9.4922 3.79338
3.173 9.48471 3.79261
3.174 9.47885 3.79198
3.175 9.47466 3.79154
3.176 9.4706 3.79109
3.177 9.46715 3.79066
3.178 9.4661 3.79053
3.179 9.46707 3.79063
3.18 9.46442 3.79038
3.181 9.45951 3.78985
3.182 9.45641 3.78951
3.183 9.45462 3.78933
3.184 9.45335 3.78919
3.185 9.45253 3.78909
3.186 9.4501 3.78887
3.187 9.4407 3.78796
3.188 9.42677 3.78651
3.189 9.42483 3.78622
3.19 9.42263 3.786
3.191 9.42185 3.78586
3.192 9.41942 3.7856
3.193 9.41898 3.78552
3.194 9.41628 3.78533
3.195 9.41176 3.7849
3.196 9.40517 3.7843
3.197 9.39077 3.78282
3.198 9.3793 3.78161
3.199 9.37528 3.78111
3.2 9.37368 3.78092
3.201 9.36934 3.78049
3.202 9.36288 3.77984
3.203 9.35306 3.77885
3.204 9.34562 3.77805
3.205 9.34735 3.77815
3.206 9.34833 3.77826
3.207 9.3446 3.77787
3.208 9.33458 3.77695
3.209 9.325 3.77593
3.21 9.31928 3.77533
3.211 9.31101 3.77452
3.212 9.29688 3.77307
3.213 9.294 3.77264
3.214 9.29096 3.77233
3.215 9.28595 3.77181
3.216 9.27203 3.77051
3.217 9.24292 3.76756
3.218 9.24067 3.76707
3.219 9.25826 3.76885
3.22 9.25822 3.76888
3.221 9.26712 3.76983
3.222 9.23936 3.76708
3.223 9.2447 3.76733
3.224 9.25449 3.76844
3.225 9.22952 3.76621
3.226 9.17913 3.76099
3.227 9.16178 3.759
3.228 9.13992 3.75683
3.229 9.12388 3.755
3.23 9.09754 3.75248
3.231 9.07632 3.75024
3.232 9.07863 3.75024
3.233 9.07075 3.74944
3.234 9.08327 3.75046
3.235 9.08777 3.75098
3.236 9.08838 3.75114
3.237 9.04816 3.74734
3.238 9.02739 3.74498
3.239 9.03053 3.74507
3.24 9.03503 3.74563
3.241 9.00994 3.74318
3.242 8.99931 3.74188
3.243 8.99965 3.74192
3.244 8.98805 3.74077
3.245 8.97825 3.73967
3.246 8.97572 3.73934
3.247 8.97283 3.73906
3.248 8.97032 3.73874
3.249 8.96693 3.73843
3.25 8.95573 3.73734
3.251 8.95001 3.73666
3.252 8.9434 3.73601
3.253 8.92976 3.73463
3.254 8.91526 3.73315
3.255 8.90155 3.73172
3.256 8.89539 3.731
3.257 8.88834 3.73033
3.258 8.85843 3.72741
3.259 8.82321 3.72378
3.26 8.8157 3.72283
3.261 8.8087 3.72211
3.262 8.78689 3.71997
3.263 8.77354 3.71844
3.264 8.7679 3.71781
3.265 8.75996 3.71698
3.266 8.75261 3.71619
3.267 8.75019 3.71587
3.268 8.74709 3.71556
3.269 8.74215 3.715
3.27 8.74094 3.71486
3.271 8.74004 3.71473
3.272 8.73967 3.71468
3.273 8.73004 3.71379
3.274 8.7184 3.71255
3.275 8.71112 3.71184
3.276 8.69454 3.71014
3.277 8.66493 3.70724
3.278 8.65005 3.70554
3.279 8.64749 3.70521
3.28 8.63652 3.70413
3.281 8.62645 3.70303
3.282 8.62496 3.70283
3.283 8.61441 3.70182
3.284 8.603 3.7006
3.285 8.59999 3.70017
3.286 8.60094 3.70028
3.287 8.59609 3.6998
3.288 8.59273 3.69939
3.289 8.59378 3.69944
3.29 8.5903 3.69914
3.291 8.58357 3.69845
3.292 8.57393 3.69752
3.293 8.56635 3.6967
3.294 8.56236 3.69624
3.295 8.56013 3.69601
3.296 8.55439 3.69539
3.297 8.55384 3.69533
3.298 8.55156 3.69511
3.299 8.55012 3.69495
3.3 8.54822 3.69475

