3.8 8.95927 3.73671
3.801 8.95838 3.73661
3.802 8.95901 3.73665
3.803 8.95843 3.73659
3.804 8.95925 3.73667
3.805 8.95846 3.7366
3.806 8.95525 3.73627
3.807 8.95316 3.73604
3.808 8.95303 3.73602
3.809 8.95333 3.73605
3.81 8.95267 3.736
3.811 8.94617 3.73535
3.812 8.94174 3.73488
3.813 8.93869 3.73453
3.814 8.93801 3.73445
3.815 8.93729 3.73436
3.816 8.93909 3.73453
3.817 8.93643 3.73429
3.818 8.92729 3.73338
3.819 8.92325 3.73294
3.82 8.92164 3.73277
3.821 8.91579 3.73215
3.822 8.91476 3.73204
3.823 8.90969 3.73154
3.824 8.90769 3.73133
3.825 8.89982 3.73053
3.826 8.89706 3.7302
3.827 8.89193 3.7297
3.828 8.88845 3.72933
3.829 8.88597 3.72905
3.83 8.88485 3.72891
3.831 8.88489 3.72892
3.832 8.88328 3.72875
3.833 8.8817 3.72858
3.834 8.88117 3.7285
3.835 8.87954 3.72832
3.836 8.87876 3.72823
3.837 8.87809 3.72816
3.838 8.87417 3.72777
3.839 8.87267 3.72761
3.84 8.87185 3.72751
3.841 8.86979 3.7273
3.842 8.86884 3.72719
3.843 8.86866 3.72717
3.844 8.86835 3.72712
3.845 8.86465 3.72677
3.846 8.86137 3.72644
3.847 8.85882 3.72615
3.848 8.85767 3.72601
3.849 8.85532 3.72575
3.85 8.85426 3.72561
3.851 8.85477 3.72567
3.852 8.85409 3.7256
3.853 8.85096 3.72528
3.854 8.84996 3.72516
3.855 8.84837 3.72502
3.856 8.84404 3.72457
3.857 8.83891 3.72401
3.858 8.83709 3.72381
3.859 8.83459 3.72354
3.86 8.83277 3.72335
3.861 8.83195 3.72324
3.862 8.83121 3.72316
3.863 8.8297 3.72301
3.864 8.82594 3.72266
3.865 8.80437 3.72057
3.866 8.76669 3.71686
3.867 8.73918 3.71403
3.868 8.72747 3.71271
3.869 8.7213 3.71198
3.87 8.71887 3.71166
3.871 8.71566 3.71132
3.872 8.71087 3.71077
3.873 8.70821 3.71047
3.874 8.70483 3.71011
3.875 8.70187 3.70977
3.876 8.69289 3.70888
3.877 8.68516 3.70807
3.878 8.67732 3.70725
3.879 8.67236 3.70667
3.88 8.66925 3.70635
3.881 8.663 3.70569
3.882 8.65928 3.70531
3.883 8.6561 3.70497
3.884 8.65124 3.7045
3.885 8.64353 3.70371
3.886 8.6383 3.70314
3.887 8.6299 3.70226
3.888 8.62629 3.70186
3.889 8.62191 3.7014
3.89 8.61903 3.70102
3.891 8.61406 3.70048
3.892 8.60512 3.69951
3.893 8.60129 3.69909
3.894 8.59523 3.69847
3.895 8.58963 3.69789
3.896 8.5854 3.69743
3.897 8.582 3.69711
3.898 8.57447 3.69636
3.899 8.56644 3.69558
3.9 8.55371 3.69433
3.901 8.53928 3.69289
3.902 8.5253 3.69154
3.903 8.51124 3.69014
3.904 8.5013 3.68911
3.905 8.49199 3.68807
3.906 8.48276 3.6871
3.907 8.47462 3.68619
3.908 8.47342 3.68599
3.909 8.47344 3.68596
3.91 8.46678 3.68532
3.911 8.45867 3.68446
3.912 8.44411 3.683
3.913 8.43074 3.68153
3.914 8.4206 3.68047
3.915 8.4108 3.67945
3.916 8.41012 3.67928
3.917 8.40666 3.67901
3.918 8.4021 3.67849
3.919 8.36734 3.67523
3.92 8.3461 3.67287
3.921 8.33461 3.67165
3.922 8.32152 3.67036
3.923 8.30303 3.66847
3.924 8.28325 3.66646
3.925 8.26796 3.66484
3.926 8.26171 3.66414
3.927 8.25467 3.66341
3.928 8.2445 3.66239
3.929 8.2376 3.66163
3.93 8.23319 3.66117
3.931 8.23002 3.66081
3.932 8.22763 3.66056
3.933 8.22419 3.66022
3.934 8.21934 3.65971
3.935 8.21609 3.65932
3.936 8.21403 3.6591
3.937 8.21162 3.65887
3.938 8.20919 3.65864
3.939 8.20655 3.65837
3.94 8.20371 3.6581
3.941 8.1982 3.65757
3.942 8.1936 3.65711
3.943 8.18802 3.65655
3.944 8.18299 3.65602
3.945 8.17882 3.65561
3.946 8.17516 3.65523
3.947 8.17172 3.65488
3.948 8.16941 3.65466
3.949 8.16536 3.65424
3.95 8.16259 3.65394
3.951 8.16055 3.65374
3.952 8.15874 3.65354
3.953 8.15707 3.65339
3.954 8.15604 3.65327
3.955 8.15416 3.65308
3.956 8.15188 3.65287
3.957 8.14845 3.65253
3.958 8.14616 3.65227
3.959 8.14467 3.65212
3.96 8.1432 3.65196
3.961 8.14123 3.65177
3.962 8.13957 3.6516
3.963 8.13763 3.65141
3.964 8.13694 3.65132
3.965 8.13593 3.6512
3.966 8.13506 3.65113
3.967 8.13226 3.65085
3.968 8.12925 3.65056
3.969 8.12771 3.6504
3.97 8.12649 3.65027
3.971 8.12454 3.6501
3.972 8.12288 3.64992
3.973 8.12149 3.64976
3.974 8.11963 3.64957
3.975 8.11797 3.6494
3.976 8.11612 3.64923
3.977 8.11381 3.64901
3.978 8.11197 3.64882
3.979 8.11048 3.64867
3.98 8.10824 3.64845
3.981 8.10702 3.64832
3.982 8.1059 3.64823
3.983 8.105 3.64812
3.984 8.10364 3.64798
3.985 8.10204 3.6478
3.986 8.10019 3.64762
3.987 8.09613 3.64721
3.988 8.09283 3.64689
3.989 8.0887 3.64646
3.99 8.08671 3.64622
3.991 8.08701 3.64625
3.992 8.08722 3.64626
3.993 8.08803 3.64633
3.994 8.08781 3.64631
3.995 8.08716 3.64624
3.996 8.08396 3.64594
3.997 8.08116 3.64564
3.998 8.07909 3.64542
3.999 8.07924 3.64541
4 8.07962 3.64544
4.001 8.0763 3.64517
4.002 8.07174 3.64472
4.003 8.06551 3.6441
4.004 8.06107 3.64366
4.005 8.05574 3.64312
4.006 8.0524 3.64276
4.007 8.0494 3.64246
4.008 8.04649 3.64214
4.009 8.04475 3.64197
4.01 8.04212 3.64169
4.011 8.0415 3.64162
4.012 8.04049 3.64153
4.013 8.03922 3.64141
4.014 8.03957 3.64143
4.015 8.04003 3.64146
4.016 8.0412 3.6416
4.017 8.04156 3.64165
4.018 8.04162 3.64166
4.019 8.04284 3.64178
4.02 8.04338 3.64184
4.021 8.04305 3.64183
4.022 8.03946 3.64151
4.023 8.02533 3.64017
4.024 8.01533 3.63915
4.025 8.01331 3.6389
4.026 8.01262 3.63882
4.027 8.01195 3.63874
4.028 8.01143 3.63868
4.029 8.00888 3.63844
4.03 8.00713 3.63823
4.031 8.00525 3.63806
4.032 8.00137 3.6377
4.033 7.99802 3.63736
4.034 7.99186 3.63681
4.035 7.97944 3.63558
4.036 7.9776 3.63534
4.037 7.97799 3.63537
4.038 7.97814 3.63539
4.039 7.97809 3.63538
4.04 7.98012 3.63559
4.041 7.98284 3.63592
4.042 7.983 3.63595
4.043 7.98218 3.63587
4.044 7.97917 3.63559
4.045 7.97462 3.63517
4.046 7.96048 3.63386
4.047 7.94557 3.63231
4.048 7.94361 3.63207
4.049 7.94194 3.6319
4.05 7.94074 3.63174
4.051 7.94044 3.63171
4.052 7.9379 3.6315
4.053 7.93193 3.63092
4.054 7.92857 3.63056
4.055 7.92716 3.63042
4.056 7.92338 3.63005
4.057 7.91755 3.62949
4.058 7.91586 3.62929
4.059 7.91489 3.6292
4.06 7.9146 3.62916
4.061 7.91342 3.62905
4.062 7.91157 3.62888
4.063 7.90814 3.62856
4.064 7.90552 3.62828
4.065 7.90423 3.62814
4.066 7.90172 3.62793
4.067 7.89921 3.62767
4.068 7.89962 3.6277
4.069 7.89921 3.62767
4.07 7.89556 3.62734
4.071 7.89055 3.62685
4.072 7.88819 3.62664
4.073 7.87739 3.62566
4.074 7.86673 3.62464
4.075 7.85468 3.62354
4.076 7.8493 3.623
4.077 7.84748 3.62277
4.078 7.8457 3.6226
4.079 7.84304 3.62235
4.08 7.84174 3.62221
4.081 7.84127 3.62215
4.082 7.84071 3.62209
4.083 7.84019 3.62204
4.084 7.83981 3.622
4.085 7.83882 3.62189
4.086 7.83794 3.62183
4.087 7.8358 3.62163
4.088 7.83344 3.62138
4.089 7.83214 3.62127
4.09 7.83107 3.62116
4.091 7.82951 3.62101
4.092 7.82582 3.62068
4.093 7.82205 3.62031
4.094 7.81936 3.62004
4.095 7.81572 3.61967
4.096 7.81288 3.61941
4.097 7.80624 3.61883
4.098 7.79413 3.61769
4.099 7.7873 3.61696
4.1 7.78469 3.6167
4.101 7.77645 3.61596
4.102 7.76777 3.61514
4.103 7.75599 3.61406
4.104 7.74369 3.61294
4.105 7.73687 3.61226
4.106 7.73436 3.61199
4.107 7.73353 3.61188
4.108 7.73218 3.61174
4.109 7.72915 3.61145
4.11 7.72745 3.61126
4.111 7.72583 3.6111
4.112 7.72293 3.61082
4.113 7.71905 3.61045
4.114 7.71395 3.60996
4.115 7.70919 3.60952
4.116 7.70572 3.60918
4.117 7.70194 3.60881
4.118 7.69755 3.60843
4.119 7.69399 3.60807
4.12 7.69252 3.60791
4.121 7.69077 3.60774
4.122 7.68911 3.60755
4.123 7.68794 3.60742
4.124 7.68696 3.60733
4.125 7.68597 3.60724
4.126 7.68491 3.60713
4.127 7.68224 3.60689
4.128 7.68037 3.60669
4.129 7.67858 3.60653
4.13 7.67674 3.60634
4.131 7.6737 3.60609
4.132 7.67157 3.60587
4.133 7.66687 3.60545
4.134 7.65905 3.60476
4.135 7.65153 3.60408
4.136 7.64742 3.60369
4.137 7.64422 3.60339
4.138 7.64237 3.60321
4.139 7.63415 3.60261
4.14 7.6177 3.60123
4.141 7.61872 3.60116
4.142 7.63305 3.60231
4.143 7.63949 3.60289
4.144 7.64355 3.60327
4.145 7.64311 3.60327
4.146 7.62379 3.60187
4.147 7.59838 3.59995
4.148 7.59036 3.59903
4.149 7.59442 3.59925
4.15 7.59767 3.59947
4.151 7.61052 3.60045
4.152 7.61193 3.60064
4.153 7.60309 3.59997
4.154 7.59028 3.59899
4.155 7.58484 3.59863
4.156 7.58378 3.59849
4.157 7.58081 3.59827
4.158 7.57621 3.59794
4.159 7.5781 3.59804
4.16 7.57347 3.59777
4.161 7.56391 3.59706
4.162 7.56105 3.59685
4.163 7.5594 3.59672
4.164 7.55872 3.59666
4.165 7.55671 3.59652
4.166 7.55851 3.5966
4.167 7.56023 3.59672
4.168 7.5574 3.59655
4.169 7.55714 3.59651
4.17 7.55646 3.59649
4.171 7.55578 3.59642
4.172 7.55637 3.59646
4.173 7.55647 3.59647
4.174 7.55614 3.59643
4.175 7.5543 3.59634
4.176 7.55122 3.59614
4.177 7.54966 3.59607
4.178 7.55014 3.59607
4.179 7.54968 3.59603
4.18 7.55051 3.59611
4.181 7.55052 3.59609
4.182 7.54852 3.59597
4.183 7.54931 3.59603
4.184 7.54847 3.59596
4.185 7.54779 3.59588
4.186 7.54675 3.59583
4.187 7.54689 3.59583
4.188 7.546 3.59576
4.189 7.54496 3.5957
4.19 7.54468 3.59568
4.191 7.54431 3.59567
4.192 7.54344 3.59562
4.193 7.54332 3.5956
4.194 7.5434 3.59562
4.195 7.54366 3.59564
4.196 7.5439 3.59566
4.197 7.54255 3.59557
4.198 7.54055 3.59541
4.199 7.54124 3.59545
4.2 7.54107 3.59543

